{
  "advancedEditorSelectedIdentifier" : "ProjectBrowser",
  "openSceneRelativePaths" : [
    "Scene.usda"
  ],
  "recentIdentifiers" : {

  },
  "sceneCameraHistory" : {
    "D66F742D-160C-47CB-8DA4-D7ADD5AE4998" : [
      {
        "date" : 765387464.129292,
        "title" : "Untitled",
        "transform" : [
          -0.97872466,
          -1.4542199e-09,
          0.20517816,
          0,
          0.12009736,
          0.81079376,
          0.57287884,
          0,
          -0.16635709,
          0.58533216,
          -0.7935437,
          0,
          0.72324175,
          1.659947,
          -1.165604,
          1
        ]
      },
      {
        "date" : 765387461.778327,
        "title" : "Untitled",
        "transform" : [
          -0.98779464,
          -1.8131099e-09,
          0.1557628,
          0,
          0.09582698,
          0.78836256,
          0.6077019,
          0,
          -0.12279748,
          0.61521095,
          -0.77874017,
          0,
          0.78673106,
          1.7006276,
          -1.1226617,
          1
        ]
      },
      {
        "date" : 765387455.960535,
        "title" : "Untitled",
        "transform" : [
          -0.7426408,
          -1.2129796e-09,
          -0.6696901,
          0,
          -0.3575625,
          0.84553343,
          0.39651254,
          0,
          0.5662454,
          0.53392243,
          -0.62792754,
          0,
          1.813245,
          1.587291,
          -1.133997,
          1
        ]
      },
      {
        "date" : 765387230.714894,
        "title" : "Untitled",
        "transform" : [
          -0.7426408,
          -1.2129796e-09,
          -0.6696901,
          0,
          -0.3575625,
          0.84553343,
          0.39651254,
          0,
          0.5662454,
          0.53392243,
          -0.62792754,
          0,
          1.7101353,
          1.0633153,
          -1.6725107,
          1
        ]
      },
      {
        "date" : 765387226.279977,
        "title" : "Untitled",
        "transform" : [
          0.84645826,
          6.399752e-10,
          -0.53245515,
          0,
          -0.2972112,
          0.82971305,
          -0.47248462,
          0,
          0.44178498,
          0.5581901,
          0.70231754,
          0,
          1.1272874,
          1.1320208,
          2.0737038,
          1
        ]
      },
      {
        "date" : 765387213.029737,
        "title" : "Untitled",
        "transform" : [
          0.84645826,
          6.399752e-10,
          -0.53245515,
          0,
          -0.29721123,
          0.82971317,
          -0.47248468,
          0,
          0.44178504,
          0.55819017,
          0.7023176,
          0,
          1.5808895,
          1.1650811,
          1.7620947,
          1
        ]
      },
      {
        "date" : 765387210.313009,
        "title" : "Untitled",
        "transform" : [
          1,
          0,
          0,
          0,
          0,
          0.7071069,
          -0.70710677,
          0,
          0,
          0.70710677,
          0.7071069,
          0,
          0.39992058,
          1.5913877,
          2.0661926,
          1
        ]
      }
    ]
  },
  "sceneViewportBackgroundColors" : {

  }
}