{
  "advancedEditorSelectedIdentifier" : "ProjectBrowser",
  "openSceneRelativePaths" : [
    "Scene.usda"
  ],
  "recentIdentifiers" : {
    "B5B80215-AFCA-4D1B-8CE9-112207C3010A" : [

    ],
    "F73D8BF8-CE37-4D5D-A694-0D1227B29A0B" : [

    ]
  },
  "sceneCameraHistory" : {
    "B5B80215-AFCA-4D1B-8CE9-112207C3010A" : [
      {
        "date" : 765394193.95798,
        "title" : "Untitled",
        "transform" : [
          -0.81325805,
          5.6153473e-05,
          0.5819032,
          0,
          0.34669802,
          0.8031795,
          0.48446175,
          0,
          -0.4673455,
          0.5957371,
          -0.65321165,
          0,
          -0.45163023,
          2.1910489,
          -1.641978,
          1
        ]
      },
      {
        "date" : 765394189.324729,
        "title" : "Untitled",
        "transform" : [
          -0.81325805,
          5.6153473e-05,
          0.5819032,
          0,
          0.34669802,
          0.8031795,
          0.48446175,
          0,
          -0.4673455,
          0.5957371,
          -0.65321165,
          0,
          -1.3418192,
          1.3273199,
          -1.7928164,
          1
        ]
      },
      {
        "date" : 765394184.400349,
        "title" : "Untitled",
        "transform" : [
          -0.7029323,
          1.5115661e-06,
          0.7112568,
          0,
          0.5461207,
          0.6406609,
          0.53972757,
          0,
          -0.45567358,
          0.767824,
          -0.45034203,
          0,
          -0.8141056,
          2.1294503,
          -1.3189186,
          1
        ]
      },
      {
        "date" : 765394183.274596,
        "title" : "Untitled",
        "transform" : [
          -0.7029314,
          2.5912132e-06,
          0.7112577,
          0,
          0.5461219,
          0.6406609,
          0.5397264,
          0,
          -0.45567358,
          0.767824,
          -0.45034203,
          0,
          -0.8141056,
          2.1294503,
          -1.3189186,
          1
        ]
      },
      {
        "date" : 765394179.332632,
        "title" : "Untitled",
        "transform" : [
          -0.7029314,
          2.5912132e-06,
          0.7112577,
          0,
          0.5461219,
          0.6406609,
          0.5397264,
          0,
          -0.45567358,
          0.767824,
          -0.45034203,
          0,
          -0.53815144,
          2.280004,
          -1.341447,
          1
        ]
      },
      {
        "date" : 765394176.084674,
        "title" : "Untitled",
        "transform" : [
          -0.7029314,
          2.5912132e-06,
          0.7112577,
          0,
          0.5461219,
          0.6406609,
          0.5397264,
          0,
          -0.45567358,
          0.767824,
          -0.45034203,
          0,
          -0.6766555,
          2.142263,
          -1.4361506,
          1
        ]
      },
      {
        "date" : 765394164.73351,
        "title" : "Untitled",
        "transform" : [
          -0.81655055,
          7.0549333e-10,
          0.5772741,
          0,
          0.37535357,
          0.75974834,
          0.5309353,
          0,
          -0.43858296,
          0.65021724,
          -0.6203729,
          0,
          -0.19697455,
          2.079785,
          -1.712805,
          1
        ]
      },
      {
        "date" : 765394162.720451,
        "title" : "Untitled",
        "transform" : [
          -0.81655055,
          7.0549333e-10,
          0.5772741,
          0,
          0.37535357,
          0.75974834,
          0.5309353,
          0,
          -0.43858296,
          0.65021724,
          -0.6203729,
          0,
          0.29296455,
          2.6605055,
          -1.4505181,
          1
        ]
      },
      {
        "date" : 765394153.382326,
        "title" : "Untitled",
        "transform" : [
          -0.81655055,
          7.0549333e-10,
          0.5772741,
          0,
          0.37535357,
          0.75974834,
          0.5309353,
          0,
          -0.43858296,
          0.65021724,
          -0.6203729,
          0,
          0.159805,
          1.4966933,
          -0.7912222,
          1
        ]
      },
      {
        "date" : 765394150.552978,
        "title" : "Untitled",
        "transform" : [
          -0.81655055,
          7.0549333e-10,
          0.5772741,
          0,
          0.37535357,
          0.75974834,
          0.5309353,
          0,
          -0.43858296,
          0.65021724,
          -0.6203729,
          0,
          -0.14169848,
          1.5712508,
          -0.4999248,
          1
        ]
      }
    ],
    "F73D8BF8-CE37-4D5D-A694-0D1227B29A0B" : [
      {
        "date" : 765394331.066203,
        "title" : "Untitled",
        "transform" : [
          -0.77305514,
          -4.4194937e-09,
          0.6343389,
          0,
          0.24209839,
          0.924305,
          0.29504013,
          0,
          -0.5863225,
          0.3816547,
          -0.71453875,
          0,
          -2.877589,
          3.100307,
          -4.530484,
          1
        ]
      },
      {
        "date" : 765394300.638473,
        "title" : "Untitled",
        "transform" : [
          -0.055309206,
          -4.8020588e-09,
          0.9984693,
          0,
          0.2367919,
          0.9714718,
          0.013116852,
          0,
          -0.96998477,
          0.2371549,
          -0.053731337,
          0,
          -3.78518,
          1.4021225,
          -0.10311286,
          1
        ]
      },
      {
        "date" : 765394296.153354,
        "title" : "Untitled",
        "transform" : [
          -0.044546783,
          -4.7216147e-09,
          0.9990072,
          0,
          0.2773271,
          0.9606959,
          0.012366309,
          0,
          -0.95974237,
          0.27760264,
          -0.042795926,
          0,
          -3.725535,
          1.5587894,
          -0.059758037,
          1
        ]
      },
      {
        "date" : 765394293.112578,
        "title" : "Untitled",
        "transform" : [
          -0.53129846,
          -4.780279e-09,
          0.84718484,
          0,
          0.19405551,
          0.97341245,
          0.12169883,
          0,
          -0.82466036,
          0.22905928,
          -0.5171726,
          0,
          -3.3967094,
          1.3706851,
          -1.9586544,
          1
        ]
      },
      {
        "date" : 765394287.167805,
        "title" : "Untitled",
        "transform" : [
          0.37587348,
          -4.835468e-09,
          0.9266711,
          0,
          0.16149421,
          0.9846973,
          -0.06550478,
          0,
          -0.9124905,
          0.17427352,
          0.3701216,
          0,
          -3.4281092,
          1.1572534,
          1.5252539,
          1
        ]
      },
      {
        "date" : 765394281.429076,
        "title" : "Untitled",
        "transform" : [
          0.37587348,
          -4.835468e-09,
          0.9266711,
          0,
          0.16149421,
          0.9846973,
          -0.06550478,
          0,
          -0.9124905,
          0.17427352,
          0.3701216,
          0,
          -3.402571,
          1.2875599,
          1.526862,
          1
        ]
      },
      {
        "date" : 765394278.311715,
        "title" : "Untitled",
        "transform" : [
          0.37587348,
          -4.835468e-09,
          0.9266711,
          0,
          0.16149421,
          0.9846973,
          -0.06550478,
          0,
          -0.9124905,
          0.17427352,
          0.3701216,
          0,
          -3.2940824,
          1.341718,
          1.7688274,
          1
        ]
      },
      {
        "date" : 765394276.596473,
        "title" : "Untitled",
        "transform" : [
          0.37587348,
          -4.835468e-09,
          0.9266711,
          0,
          0.16149421,
          0.9846973,
          -0.06550478,
          0,
          -0.9124905,
          0.17427352,
          0.3701216,
          0,
          -3.2940824,
          1.341718,
          1.7688274,
          1
        ]
      },
      {
        "date" : 765394269.768499,
        "title" : "Untitled",
        "transform" : [
          0.37587348,
          -4.835468e-09,
          0.9266711,
          0,
          0.16149421,
          0.9846973,
          -0.06550478,
          0,
          -0.9124905,
          0.17427352,
          0.3701216,
          0,
          -3.594825,
          1.2383249,
          1.07607,
          1
        ]
      },
      {
        "date" : 765394263.682594,
        "title" : "Untitled",
        "transform" : [
          0.37587348,
          -4.835468e-09,
          0.9266711,
          0,
          0.16149421,
          0.9846973,
          -0.06550478,
          0,
          -0.9124905,
          0.17427352,
          0.3701216,
          0,
          -3.7029822,
          1.0869507,
          0.88069797,
          1
        ]
      }
    ]
  },
  "sceneViewportBackgroundColors" : {

  },
  "selectedSceneRelativePath" : "Scene.usda"
}